Date,Total Positive,New Positive,Total Deaths,New Deaths,Total Recovered,New Recovered,Total Active,Total Critical,Total Swab Tests,New Swab Test,Last Update
19-Apr-20,677,42,50,0,55,18,396,15,NA,NA,20-Apr-20
20-Apr-20,739,80,50,0,68,13,449,14,NA,NA,21-Apr-20
21-Apr-20,758,42,52,2,87,19,464,15,NA,NA,22-Apr-20
22-Apr-20,831,64,56,4,122,35,594,26,NA,NA,23-Apr-20
23-Apr-20,876,104,60,4,130,8,701,36,NA,NA,24-Apr-20
24-Apr-20,980,104,64,3,146,16,770,41,NA,NA,25-Apr-20
25-Apr-20,1070,90,69,4,159,13,842,45,NA,NA,26-Apr-20
26-Apr-20,1139,72,72,5,165,6,902,44,NA,NA,27-Apr-20
27-Apr-20,1217,78,75,3,176,11,966,49,NA,NA,28-Apr-20
28-Apr-20,1339,122,79,2,203,27,1057,15,NA,NA,29-Apr-20
29-Apr-20,1444,93,81,2,230,27,1057,15,NA,NA,30-Apr-20
30-Apr-20,1518,86,85,4,274,44,1159,14,NA,NA,01-May-20
01-May-20,1611,93,91,6,325,51,1159,14,NA,NA,02-May-20
02-May-20,1718,107,94,4,378,53,1246,11,NA,NA,03-May-20
03-May-20,1817,99,101,7,433,55,1283,17,NA,NA,04-May-20
04-May-20,1878,61,107,6,483,50,1288,20,NA,NA,05-May-20
05-May-20,1943,65,111,4,535,52,1297,20,NA,NA,06-May-20
06-May-20,2029,86,118,7,587,52,1324,18,NA,NA,07-May-20
07-May-20,2146,117,125,7,671,84,1350,11,NA,NA,08-May-20
08-May-20,2245,99,136,11,732,61,1377,12,NA,NA,09-May-20
09-May-20,2380,135,140,4,828,96,1414,12,NA,NA,10-May-20
10-May-20,2482,102,144,4,1020,194,1318,17,NA,NA,11-May-20
11-May-20,2573,91,149,5,1089,69,1318,17,NA,NA,12-May-20
12-May-20,2737,164,156,7,1209,120,1318,25,NA,NA,13-May-20
13-May-20,2824,87,163,7,1377,168,1284,32,NA,NA,14-May-20
14-May-20,2987,163,169,6,1486,109,1332,34,NA,NA,15-May-20
15-May-20,3093,106,174,5,1630,144,1289,33,NA,NA,16-May-20
16-May-20,3295,202,185,11,1698,68,1412,41,NA,NA,17-May-20
17-May-20,3496,201,194,9,1751,53,1551,45,NA,NA,18-May-20
18-May-20,3598,102,199,5,1800,49,1599,50,NA,NA,19-May-20
19-May-20,3747,149,207,8,1910,110,1630,43,NA,NA,20-May-20
20-May-20,3899,152,220,13,2023,113,1656,43,NA,NA,21-May-20
21-May-20,4107,208,227,7,2182,159,1698,43,NA,NA,22-May-20
22-May-20,4398,291,241,14,2371,189,1786,49,NA,NA,23-May-20
23-May-20,4603,205,248,7,2463,92,1892,42,NA,NA,24-May-20
24-May-20,4782,179,254,6,2550,77,1977,47,NA,NA,25-May-20
25-May-20,5181,399,264,10,2735,175,2182,44,NA,NA,26-May-20
26-May-20,5427,246,273,9,2875,140,2279,44,NA,NA,27-May-20
27-May-20,5533,106,283,10,3059,184,2190,50,NA,NA,28-May-20
28-May-20,5851,318,293,10,3264,205,2294,49,NA,NA,29-May-20
29-May-20,6093,242,301,8,3450,186,2340,49,NA,NA,30-May-20
30-May-20,6201,108,308,7,3644,194,2248,43,NA,NA,31-May-20
31-May-20,6472,271,314,6,3782,138,2376,42,49320,359,01-Jun-20
01-Jun-20,6529,57,320,6,3950,168,2259,46,50917,1597,02-Jun-20
02-Jun-20,6795,266,344,24,4119,169,2331,35,52460,1543,03-Jun-20
03-Jun-20,7089,294,350,6,4348,229,2389,43,53709,1249,04-Jun-20
04-Jun-20,7265,176,361,11,4505,157,2399,40,55150,1441,05-Jun-20
05-Jun-20,7447,182,369,8,4675,170,2402,45,56806,1656,06-Jun-20
06-Jun-20,7722,275,372,3,4934,259,2413,45,58455,1649,07-Jun-20
07-Jun-20,7881,159,378,6,5019,85,2484,45,58690,235,08-Jun-20
08-Jun-20,8062,181,391,13,5185,166,2486,43,60798,2108,09-Jun-20
09-Jun-20,8205,143,403,12,5304,119,2498,37,62495,1697,10-Jun-20
10-Jun-20,8509,304,406,3,5575,271,2528,43,64444,1949,11-Jun-20
11-Jun-20,8777,268,413,7,5782,207,2582,53,66487,2043,12-Jun-20
12-Jun-20,9082,305,425,12,5924,142,2733,49,68736,2249,13-Jun-20
13-Jun-20,9336,254,439,14,6087,163,2810,49,71212,2476,14-Jun-20
14-Jun-20,9656,320,448,9,6210,123,2998,45,71245,213,15-Jun-20
15-Jun-20,9890,234,458,10,6446,236,2986,41,73659,2234,16-Jun-20
16-Jun-20,10183,293,469,11,6596,150,3118,41,76206,2547,17-Jun-20
17-Jun-20,10643,460,481,12,6713,117,3449,44,79047,2841,18-Jun-20
18-Jun-20,11115,472,487,6,6906,193,3722,49,81511,2464,19-Jun-20
19-Jun-20,11465,350,493,6,7063,157,3909,53,84187,2676,20-Jun-20
20-Jun-20,11854,389,504,11,7264,183,4086,53,86871,2684,21-Jun-20
21-Jun-20,12474,620,510,6,7435,171,4529,60,87179,308,22-Jun-20
22-Jun-20,12686,212,518,8,7672,255,4496,55,90406,3227,23-Jun-20
23-Jun-20,13153,467,528,10,7945,273,4680,57,93808,3402,24-Jun-20
24-Jun-20,13654,501,545,17,8100,155,5009,57,97224,3416,25-Jun-20
25-Jun-20,14185,531,558,13,8302,202,5325,63,100677,3453,26-Jun-20
26-Jun-20,14780,595,572,14,8633,331,5575,67,104055,3378,27-Jun-20
27-Jun-20,15602,822,591,19,9119,486,5892,65,107310,3255,28-Jun-20
28-Jun-20,16125,523,613,22,9447,328,6065,54,108003,693,29-Jun-20
29-Jun-20,16742,617,618,5,9929,482,6195,61,112041,4038,30-Jun-20
30-Jun-20,17228,486,643,25,10451,522,6134,59,115990,3949,01-Jul-20
01-Jul-20,18105,877,662,19,11040,589,6403,55,120058,4068,02-Jul-20
02-Jul-20,19042,937,676,14,11671,631,6695,56,124198,4140,03-Jul-20
03-Jul-20,19849,807,685,9,12290,619,6874,59,128448,4250,04-Jul-20
04-Jul-20,20668,819,703,18,12689,399,7276,56,141217,3467,05-Jul-20
05-Jul-20,21520,852,715,12,13109,420,7696,70,145944,3950,06-Jul-20
06-Jul-20,22381,861,730,15,13739,630,7912,64,150628,3929,07-Jul-20
07-Jul-20,23021,640,751,21,14411,672,7859,63,154943,3529,08-Jul-20
08-Jul-20,24168,1147,770,19,14998,587,8400,79,160855,552,09-Jul-20
09-Jul-20,25174,1006,786,16,15579,581,8809,75,166023,3736,10-Jul-20
10-Jul-20,26077,903,800,14,16188,609,9089,75,171772,3820,11-Jul-20
11-Jul-20,26904,827,816,16,16996,808,9092,64,178115,6343,12-Jul-20
12-Jul-20,27525,621,840,24,17482,486,9203,172,184697,6582,13-Jul-20
13-Jul-20,28357,832,849,9,18096,614,9412,174,191508,6811,14-Jul-20
14-Jul-20,29107,750,874,25,18824,728,9409,198,198489,6981,15-Jul-20
15-Jul-20,30523,1416,889,15,19570,746,10064,76,202304,3815,16-Jul-20
16-Jul-20,31884,1812,906,17,20334,764,10644,80,209222,6918,17-Jul-20
17-Jul-20,34040,1705,917,11,21107,773,12016,82,215444,6222,18-Jul-20
18-Jul-20,35878,1838,935,18,21881,774,13062,89,223039,7595,19-Jul-20
19-Jul-20,37386,1508,976,41,22611,730,13799,94,229704,6665,20-Jul-20
20-Jul-20,39023,1817,1005,29,23441,830,14757,96,235451,5747,21-Jul-20
21-Jul-20,40175,1512,1035,30,24246,805,15434,99,241541,6090,22-Jul-20
22-Jul-20,42466,1751,1068,33,25129,883,16269,94,244047,2506,23-Jul-20
23-Jul-20,44065,1599,1104,36,25908,779,17053,82,248514,4467,24-Jul-20
24-Jul-20,45544,1479,1133,29,26725,817,17686,102,255081,6567,25-Jul-20
25-Jul-20,47065,1521,1153,20,27418,693,18494,115,261000,5919,26-Jul-20
26-Jul-20,48057,992,1166,13,28593,1175,18298,105,267241,6241,27-Jul-20
27-Jul-20,49217,1160,1182,16,28489,896,18546,0,0,0,28-Jul-20
28-Jul-20,50430,1213,1215,33,30080,591,19135,0,0,0,29-Jul-20
29-Jul-20,51738,1308,1254,39,32623,2543,17861,0,0,0,30-Jul-20
30-Jul-20,53437,1699,1284,30,33938,1315,18215,0,0,0,31-Jul-20
1-Aug-20,55761,1506,1335,23,36914,1791,17512,0,279255,5863,2-Aug-20
2-Aug-20,57523,1762,1366,31,38117,1203,18040,0,281840,2585,3-Aug-20
3-Aug-20,58304,781,1384,18,39939,1822,16981,0,286444,4604,4-Aug-20
4-Aug-20,59496,1192,1412,28,41251,1312,16833,0,0,0,5-Aug-20
5-Aug-20,60597,1101,1429,17,42410,1159,16758,675,297737,5698,6-Aug-20
6-Aug-20,62037,1440,1456,27,43606,1196,16975,674,302945,5208,7-Aug-20
7-Aug-20,63286,1249,1479,23,44774,1168,17033,703,308529,5584,8-Aug-20
8-Aug-20,64576,1290,1516,37,46735,1961,16325,717,313580,5051,9-Aug-20
9-Aug-20,65966,1390,1540,24,48614,1879,15812,726,319588,6008,10-Aug-20
10-Aug-20,66727,781,1571,31,50113,1499,15043,738,324721,5133,11-Aug-20
11-Aug-20,67651,924,1593,22,51353,1240,14705,735,330041,5320,12-Aug-20
12-Aug-20,69235,1584,1621,28,52802,1449,14812,735,336254,6213,13-Aug-20
13-Aug-20,70326,1091,1656,35,53958,1156,14712,737,342589,6335,14-Aug-20
14-Aug-20,71503,1177,1683,27,55100,1142,14720,750,348262,5673,15-Aug-20
15-Aug-20,72576,1073,1710,27,56245,1145,14621,760,354102,5840,16-Aug-20
16-Aug-20,74098,1522,1739,29,57657,1412,14702,760,359809,5707,17-Aug-20
